a.i=0.005805
a.ii=0.000690
b=0.000701
